STATEFIP,YEAR,MONTH,REGION,COUNTY,AGE,SEX,RACE,BUNBANKED,BUNDERBANKREAS,BACCTEV,BCHECKEV,BCHECK12M,BCHECKREAS,BPAYDAY,BPAYDAYOFT,BPAYDAYREAS,BCHECK30D,BPAYDAY12M,BPAYDAY30D,BINCWHERE,BBILLCASH,BBILLCHECK,BCREDITAPP,BCREDITDENY,BNOACCT,BSAVECACCT,BINC12M,BINTERNET,BPSUPINT,CIHHCOMP,CINETHH,CINETHP,CINTUSE,CINTOUT,CINTOTHH,CINTLIBH,CINTSCH,CINTSCHH,CINONET,CIHSNET
1,21720,21720,21720,21720,21720,21720,21720,9405,2928,9405,1451,7954,2928,4340,1451,2928,2889,9405,2889,5065,5065,5065,5065,5065,6477,5065,5065,5065,9405,1553,3056,9259,1503,6435,7871,2941,7871,2941,5734,7237
2,19630,19630,19630,19630,19630,19630,19630,8083,3519,8083,1802,6281,3519,5090,1802,3519,3288,8083,3288,2993,2993,2993,2993,2993,4564,2993,2993,2993,8083,1719,3528,8019,1809,4634,6376,3362,6376,3362,6587,8396
4,20816,20816,20816,20816,20816,20816,20816,8785,3300,8785,1631,7154,3300,4870,1631,3300,3239,8785,3239,3915,3915,3915,3915,3915,5485,3915,3915,3915,8785,1602,3198,8833,1596,5639,7228,3207,7228,3207,6347,7943
5,20811,20811,20811,20811,20811,20811,20811,8929,2880,8929,1502,7427,2880,4336,1502,2880,2834,8929,2834,4593,4593,4593,4593,4593,6049,4593,4593,4593,8929,1448,2885,8997,1437,6102,7507,2938,7507,2938,5804,7241
6,136288,136288,136288,136288,136288,136288,136288,56168,22851,56168,11443,44725,22851,34428,11443,22851,22985,56168,22985,21740,21740,21740,21740,21740,33317,21740,21740,21740,56168,11628,23064,57056,11436,33921,45350,23334,45350,23334,46280,57716
8,29896,29896,29896,29896,29896,29896,29896,12088,5795,12088,2893,9195,5795,8733,2893,5795,5840,12088,5840,3355,3355,3355,3355,3355,6293,3355,3355,3355,12088,2889,5791,12017,2902,6177,8982,5924,8982,5924,11708,14610
9,29445,29445,29445,29445,29445,29445,29445,11811,6103,11811,3069,8742,6103,8963,3069,6103,5894,11811,5894,2848,2848,2848,2848,2848,5708,2848,2848,2848,11811,3123,6192,11442,3069,5548,8527,6038,8527,6038,11919,14988
10,22460,22460,22460,22460,22460,22460,22460,8890,4140,8890,1966,6924,4140,6203,1966,4140,4237,8890,4237,2687,2687,2687,2687,2687,4750,2687,2687,2687,8890,2185,4330,9240,2145,4960,7130,4295,7130,4295,8624,10769
11,21328,21328,21328,21328,21328,21328,21328,8851,3359,8851,1604,7247,3359,5075,1604,3359,3471,8851,3471,3776,3776,3776,3776,3776,5492,3776,3776,3776,8851,1669,3298,9179,1629,5615,7407,3441,7407,3441,6898,8527
12,62278,62278,62278,62278,62278,62278,62278,26018,10162,26018,5115,20903,10162,15283,5115,10162,10168,26018,10168,10735,10735,10735,10735,10735,15856,10735,10735,10735,26018,5080,10152,26108,5072,15995,20980,10208,20980,10208,20296,25368
13,33758,33758,33758,33758,33758,33758,33758,14035,5703,14035,2864,11171,5703,8490,2864,5703,5626,14035,5626,5545,5545,5545,5545,5545,8332,5545,5545,5545,14035,2774,5527,14196,2753,8570,11420,5550,11420,5550,11216,13969
15,24690,24690,24690,24690,24690,24690,24690,10085,4171,10085,2056,8029,4171,6389,2056,4171,4333,10085,4333,3696,3696,3696,3696,3696,5914,3696,3696,3696,10085,2128,4148,10457,2020,6192,8308,4277,8308,4277,8601,10621
16,20623,20623,20623,20623,20623,20623,20623,8565,3108,8565,1546,7019,3108,4572,1546,3108,3026,8565,3026,3993,3993,3993,3993,3993,5457,3993,3993,3993,8565,1598,3194,8864,1596,5582,7222,3240,7222,3240,6386,7982
17,47367,47367,47367,47367,47367,47367,47367,19681,8336,19681,4312,15369,8336,12299,4312,8336,7987,19681,7987,7382,7382,7382,7382,7382,11345,7382,7382,7382,19681,4106,8162,19524,4056,11481,15454,8176,15454,8176,16090,20146
18,24619,24619,24619,24619,24619,24619,24619,10337,4168,10337,2135,8202,4168,6251,2135,4168,4116,10337,4116,4086,4086,4086,4086,4086,6169,4086,4086,4086,10337,2042,4152,10130,2110,6083,8109,4063,8109,4063,8205,10315
19,26044,26044,26044,26044,26044,26044,26044,10546,5039,10546,2570,7976,5039,7565,2570,5039,4995,10546,4995,2981,2981,2981,2981,2981,5507,2981,2981,2981,10546,2526,5045,10453,2519,5453,7944,5035,7944,5035,10052,12571
20,21898,21898,21898,21898,21898,21898,21898,9098,3983,9098,1984,7114,3983,5919,1984,3983,3935,9098,3935,3179,3179,3179,3179,3179,5115,3179,3179,3179,9098,1948,3849,8951,1901,5073,7107,3792,7107,3792,7757,9658
21,22654,22654,22654,22654,22654,22654,22654,9354,3964,9354,1979,7375,3964,5853,1979,3964,3874,9354,3874,3501,3501,3501,3501,3501,5390,3501,3501,3501,9354,2068,4038,9262,1970,5330,7341,3989,7341,3989,7926,9896
22,22013,22013,22013,22013,22013,22013,22013,9612,2551,9612,1242,8370,2551,3830,1242,2551,2588,9612,2588,5782,5782,5782,5782,5782,7061,5782,5782,5782,9612,1310,2628,9773,1318,7117,8412,2671,8412,2671,5306,6624
23,23987,23987,23987,23987,23987,23987,23987,9548,4903,9548,2507,7041,4903,7193,2507,4903,4686,9548,4686,2355,2355,2355,2355,2355,4645,2355,2355,2355,9548,2538,5113,9326,2575,4504,6936,4928,6936,4928,9593,12168
24,32400,32400,32400,32400,32400,32400,32400,13111,6495,13111,3203,9908,6495,9741,3203,6495,6538,13111,6538,3370,3370,3370,3370,3370,6616,3370,3370,3370,13111,3176,6381,12908,3205,6458,9792,6292,9792,6292,12873,16078
25,26266,26266,26266,26266,26266,26266,26266,10969,4027,10969,1942,9027,4027,5953,1942,4027,4011,10969,4011,5016,5016,5016,5016,5016,6942,5016,5016,5016,10969,2104,4190,11107,2086,6993,9034,4177,9034,4177,8143,10229
26,36654,36654,36654,36654,36654,36654,36654,15279,6374,15279,3225,12054,6374,9521,3225,6374,6296,15279,6296,5758,5758,5758,5758,5758,8905,5758,5758,5758,15279,3097,6182,15193,3085,8924,12058,6232,12058,6232,12521,15606
27,32897,32897,32897,32897,32897,32897,32897,13168,6431,13168,3225,9943,6431,9630,3225,6431,6405,13168,6405,3538,3538,3538,3538,3538,6737,3538,3538,3538,13168,3285,6537,13192,3252,6577,9971,6506,9971,6506,13153,16405
28,19594,19594,19594,19594,19594,19594,19594,8420,2497,8420,1246,7174,2497,3674,1246,2497,2428,8420,2428,4746,4746,4746,4746,4746,5923,4746,4746,4746,8420,1274,2576,8598,1302,6133,7408,2464,7408,2464,4955,6257
29,25214,25214,25214,25214,25214,25214,25214,10466,4559,10466,2338,8128,4559,6790,2338,4559,4452,10466,4452,3676,3676,3676,3676,3676,5907,3676,3676,3676,10466,2325,4605,10143,2280,5741,7961,4507,7961,4507,8876,11156
30,20077,20077,20077,20077,20077,20077,20077,8858,2483,8858,1253,7605,2483,3812,1253,2483,2559,8858,2559,5046,5046,5046,5046,5046,6375,5046,5046,5046,8858,1173,2450,8769,1277,6333,7580,2362,7580,2362,4893,6170
31,22966,22966,22966,22966,22966,22966,22966,9387,4221,9387,2048,7339,4221,6166,2048,4221,4118,9387,4118,3221,3221,3221,3221,3221,5166,3221,3221,3221,9387,2078,4282,9297,2204,5156,7299,4076,7299,4076,8143,10347
32,22342,22342,22342,22342,22342,22342,22342,9137,4019,9137,2009,7128,4019,5979,2009,4019,3970,9137,3970,3158,3158,3158,3158,3158,5118,3158,3158,3158,9137,2060,4162,9043,2102,5058,7031,4072,7031,4072,7913,10015
33,28985,28985,28985,28985,28985,28985,28985,11679,5700,11679,2886,8793,5700,8325,2886,5700,5439,11679,5439,3354,3354,3354,3354,3354,5979,3354,3354,3354,11679,2706,5562,11744,2856,6087,8961,5489,8961,5489,11012,13868
34,32473,32473,32473,32473,32473,32473,32473,13541,5663,13541,2972,10569,5663,8283,2972,5663,5311,13541,5311,5258,5258,5258,5258,5258,7878,5258,5258,5258,13541,2932,5766,13166,2834,7741,10445,5653,10445,5653,10900,13734
35,18372,18372,18372,18372,18372,18372,18372,8075,2336,8075,1226,6849,2336,3467,1226,2336,2241,8075,2241,4608,4608,4608,4608,4608,5739,4608,4608,4608,8075,1113,2227,8070,1114,5790,6944,2239,6944,2239,4503,5617
36,66186,66186,66186,66186,66186,66186,66186,27213,11345,27213,5643,21570,11345,16868,5643,11345,11225,27213,11225,10345,10345,10345,10345,10345,15868,10345,10345,10345,27213,5773,11621,27352,5848,15806,21574,11551,21574,11551,22758,28606
37,32857,32857,32857,32857,32857,32857,32857,13757,5264,13757,2561,11196,5264,7967,2561,5264,5406,13757,5406,5790,5790,5790,5790,5790,8493,5790,5790,5790,13757,2666,5333,13767,2667,8484,11207,5226,11207,5226,10651,13318
38,20942,20942,20942,20942,20942,20942,20942,8732,3154,8732,1631,7101,3154,4910,1631,3154,3279,8732,3279,3822,3822,3822,3822,3822,5578,3822,3822,3822,8732,1715,3315,8895,1600,5589,7229,3381,7229,3381,6828,8428
39,42947,42947,42947,42947,42947,42947,42947,17667,7269,17667,3709,13958,7269,10915,3709,7269,7206,17667,7206,6752,6752,6752,6752,6752,10398,6752,6752,6752,17667,3853,7775,17505,3922,10352,13907,7451,13907,7451,14677,18599
40,20648,20648,20648,20648,20648,20648,20648,8746,3255,8746,1613,7133,3255,4797,1613,3255,3184,8746,3184,3949,3949,3949,3949,3949,5491,3949,3949,3949,8746,1685,3414,8488,1729,5352,7010,3163,7010,3163,6338,8067
41,23425,23425,23425,23425,23425,23425,23425,9741,3840,9741,1964,7777,3840,5738,1964,3840,3774,9741,3774,4003,4003,4003,4003,4003,5901,4003,4003,4003,9741,1918,3928,9756,2010,5807,7742,3932,7742,3932,7787,9797
42,46318,46318,46318,46318,46318,46318,46318,19318,8070,19318,4098,15220,8070,12001,4098,8070,7903,19318,7903,7317,7317,7317,7317,7317,11248,7317,7317,7317,19318,3970,7974,19026,4004,11040,15045,7951,15045,7951,15826,19830
44,22537,22537,22537,22537,22537,22537,22537,8907,4379,8907,2212,6695,4379,6484,2212,4379,4272,8907,4272,2423,2423,2423,2423,2423,4528,2423,2423,2423,8907,2309,4679,8951,2370,4529,6757,4503,6757,4503,8828,11198
45,21474,21474,21474,21474,21474,21474,21474,9003,3569,9003,1820,7183,3569,5178,1820,3569,3358,9003,3358,3825,3825,3825,3825,3825,5434,3825,3825,3825,9003,1767,3428,9043,1661,5570,7336,3474,7336,3474,6877,8538
46,22473,22473,22473,22473,22473,22473,22473,9119,4217,9119,2006,7113,4217,6186,2006,4217,4180,9119,4180,2933,2933,2933,2933,2933,4902,2933,2933,2933,9119,2073,4160,9194,2087,4958,7108,4159,7108,4159,8273,10360
47,23936,23936,23936,23936,23936,23936,23936,10198,3568,10198,1788,8410,3568,5429,1788,3568,3641,10198,3641,4769,4769,4769,4769,4769,6630,4769,4769,4769,10198,1875,3689,10049,1814,6585,8340,3584,8340,3584,7149,8963
48,87331,87331,87331,87331,87331,87331,87331,36518,14465,36518,7124,29394,14465,21788,7124,14465,14664,36518,14664,14730,14730,14730,14730,14730,22053,14730,14730,14730,36518,7307,14422,36391,7115,21787,29125,14573,29125,14573,29226,36341
49,22017,22017,22017,22017,22017,22017,22017,9326,3521,9326,1740,7586,3521,5287,1740,3521,3547,9326,3547,4039,4039,4039,4039,4039,5805,4039,4039,4039,9326,1663,3362,9329,1699,5849,7570,3422,7570,3422,6888,8587
50,22186,22186,22186,22186,22186,22186,22186,9109,3884,9109,1933,7176,3884,5792,1933,3884,3859,9109,3859,3317,3317,3317,3317,3317,5225,3317,3317,3317,9109,1934,4023,9054,2089,5200,7178,3810,7178,3810,7611,9700
51,32265,32265,32265,32265,32265,32265,32265,13270,5624,13270,2734,10536,5624,8526,2734,5624,5792,13270,5792,4744,4744,4744,4744,4744,7646,4744,4744,4744,13270,2878,5674,13321,2796,7672,10497,5702,10497,5702,11385,14181
53,28116,28116,28116,28116,28116,28116,28116,11663,4608,11663,2231,9432,4608,7018,2231,4608,4787,11663,4787,4645,4645,4645,4645,4645,7055,4645,4645,4645,11663,2380,4743,11710,2363,7071,9386,4704,9386,4704,9361,11724
54,23131,23131,23131,23131,23131,23131,23131,10129,3097,10129,1563,8566,3097,4525,1563,3097,2962,10129,2962,5604,5604,5604,5604,5604,7032,5604,5604,5604,10129,1493,2995,10007,1502,7135,8558,2942,8558,2942,5730,7232
55,28246,28246,28246,28246,28246,28246,28246,11673,5268,11673,2578,9095,5268,7851,2578,5268,5273,11673,5273,3822,3822,3822,3822,3822,6405,3822,3822,3822,11673,2605,5162,11411,2557,6142,8831,5185,8831,5185,10447,13004
56,21377,21377,21377,21377,21377,21377,21377,8836,3468,8836,1758,7078,3468,5142,1758,3468,3384,8836,3384,3694,3694,3694,3694,3694,5368,3694,3694,3694,8836,1861,3690,8851,1829,5416,7174,3538,7174,3538,6926,8755
