,STATE,YEAR,OCC2010,CINETHH,CILAPTOP,CISMRTPHN,CITABLET,CIHAND,CIHISPEED,CISAT,CIDIAL,CIOTHSVC
0,Alabama,2011,48579,0,0,0,0,0,0,0,0,0
1,Alabama,2012,47819,0,0,0,0,0,0,0,0,0
2,Alabama,2013,47836,47836,47836,0,0,47836,47836,47836,47836,47836
3,Alabama,2015,47476,47476,47476,0,0,47476,47476,47476,47476,47476
4,Alabama,2017,47645,47645,47645,47645,47645,0,47645,47645,47645,47645
5,Alabama,2018,47777,47777,47777,47777,47777,0,47777,47777,47777,47777
6,Alaska,2011,7060,0,0,0,0,0,0,0,0,0
7,Alaska,2012,6946,0,0,0,0,0,0,0,0,0
8,Alaska,2013,6748,6748,6748,0,0,6748,6748,6748,6748,6748
9,Alaska,2015,6619,6619,6619,0,0,6619,6619,6619,6619,6619
10,Alaska,2017,6746,6746,6746,6746,6746,0,6746,6746,6746,6746
11,Alaska,2018,6711,6711,6711,6711,6711,0,6711,6711,6711,6711
12,Arizona,2011,64917,0,0,0,0,0,0,0,0,0
13,Arizona,2012,65945,0,0,0,0,0,0,0,0,0
14,Arizona,2013,66532,66532,66532,0,0,66532,66532,66532,66532,66532
15,Arizona,2015,67014,67014,67014,0,0,67014,67014,67014,67014,67014
16,Arizona,2017,68863,68863,68863,68863,68863,0,68863,68863,68863,68863
17,Arizona,2018,69990,69990,69990,69990,69990,0,69990,69990,69990,69990
18,Arkansas,2011,29407,0,0,0,0,0,0,0,0,0
19,Arkansas,2012,29224,0,0,0,0,0,0,0,0,0
20,Arkansas,2013,29591,29591,29591,0,0,29591,29591,29591,29591,29591
21,Arkansas,2015,29605,29605,29605,0,0,29605,29605,29605,29605,29605
22,Arkansas,2017,30021,30021,30021,30021,30021,0,30021,30021,30021,30021
23,Arkansas,2018,30503,30503,30503,30503,30503,0,30503,30503,30503,30503
24,California,2011,368809,0,0,0,0,0,0,0,0,0
25,California,2012,368047,0,0,0,0,0,0,0,0,0
26,California,2013,371403,371403,371403,0,0,371403,371403,371403,371403,371403
27,California,2015,374943,374943,374943,0,0,374943,374943,374943,374943,374943
28,California,2017,377575,377575,377575,377575,377575,0,377575,377575,377575,377575
29,California,2018,378817,378817,378817,378817,378817,0,378817,378817,378817,378817
30,Colorado,2011,50825,0,0,0,0,0,0,0,0,0
31,Colorado,2012,51322,0,0,0,0,0,0,0,0,0
32,Colorado,2013,52107,52107,52107,0,0,52107,52107,52107,52107,52107
33,Colorado,2015,53570,53570,53570,0,0,53570,53570,53570,53570,53570
34,Colorado,2017,55600,55600,55600,55600,55600,0,55600,55600,55600,55600
35,Colorado,2018,55928,55928,55928,55928,55928,0,55928,55928,55928,55928
36,Connecticut,2011,36538,0,0,0,0,0,0,0,0,0
37,Connecticut,2012,36381,0,0,0,0,0,0,0,0,0
38,Connecticut,2013,36382,36382,36382,0,0,36382,36382,36382,36382,36382
39,Connecticut,2015,35787,35787,35787,0,0,35787,35787,35787,35787,35787
40,Connecticut,2017,35978,35978,35978,35978,35978,0,35978,35978,35978,35978
41,Connecticut,2018,36287,36287,36287,36287,36287,0,36287,36287,36287,36287
42,Delaware,2011,8994,0,0,0,0,0,0,0,0,0
43,Delaware,2012,8815,0,0,0,0,0,0,0,0,0
44,Delaware,2013,8767,8767,8767,0,0,8767,8767,8767,8767,8767
45,Delaware,2015,9017,9017,9017,0,0,9017,9017,9017,9017,9017
46,Delaware,2017,8943,8943,8943,8943,8943,0,8943,8943,8943,8943
47,Delaware,2018,9123,9123,9123,9123,9123,0,9123,9123,9123,9123
48,District of Columbia,2011,6262,0,0,0,0,0,0,0,0,0
49,District of Columbia,2012,6303,0,0,0,0,0,0,0,0,0
50,District of Columbia,2013,6572,6572,6572,0,0,6572,6572,6572,6572,6572
51,District of Columbia,2015,6610,6610,6610,0,0,6610,6610,6610,6610,6610
52,District of Columbia,2017,6565,6565,6565,6565,6565,0,6565,6565,6565,6565
53,District of Columbia,2018,6549,6549,6549,6549,6549,0,6549,6549,6549,6549
54,Florida,2011,191200,0,0,0,0,0,0,0,0,0
55,Florida,2012,190050,0,0,0,0,0,0,0,0,0
56,Florida,2013,191034,191034,191034,0,0,191034,191034,191034,191034,191034
57,Florida,2015,194548,194548,194548,0,0,194548,194548,194548,194548,194548
58,Florida,2017,199644,199644,199644,199644,199644,0,199644,199644,199644,199644
59,Florida,2018,202160,202160,202160,202160,202160,0,202160,202160,202160,202160
60,Georgia,2011,94398,0,0,0,0,0,0,0,0,0
61,Georgia,2012,96228,0,0,0,0,0,0,0,0,0
62,Georgia,2013,96568,96568,96568,0,0,96568,96568,96568,96568,96568
63,Georgia,2015,97854,97854,97854,0,0,97854,97854,97854,97854,97854
64,Georgia,2017,99799,99799,99799,99799,99799,0,99799,99799,99799,99799
65,Georgia,2018,100855,100855,100855,100855,100855,0,100855,100855,100855,100855
66,Hawaii,2011,14271,0,0,0,0,0,0,0,0,0
67,Hawaii,2012,14154,0,0,0,0,0,0,0,0,0
68,Hawaii,2013,14286,14286,14286,0,0,14286,14286,14286,14286,14286
69,Hawaii,2015,14124,14124,14124,0,0,14124,14124,14124,14124,14124
70,Hawaii,2017,14433,14433,14433,14433,14433,0,14433,14433,14433,14433
71,Hawaii,2018,14400,14400,14400,14400,14400,0,14400,14400,14400,14400
72,Idaho,2011,15782,0,0,0,0,0,0,0,0,0
73,Idaho,2012,15293,0,0,0,0,0,0,0,0,0
74,Idaho,2013,15786,15786,15786,0,0,15786,15786,15786,15786,15786
75,Idaho,2015,15725,15725,15725,0,0,15725,15725,15725,15725,15725
76,Idaho,2017,16536,16536,16536,16536,16536,0,16536,16536,16536,16536
77,Idaho,2018,16711,16711,16711,16711,16711,0,16711,16711,16711,16711
78,Illinois,2011,127034,0,0,0,0,0,0,0,0,0
79,Illinois,2012,127208,0,0,0,0,0,0,0,0,0
80,Illinois,2013,128070,128070,128070,0,0,128070,128070,128070,128070,128070
81,Illinois,2015,126642,126642,126642,0,0,126642,126642,126642,126642,126642
82,Illinois,2017,126482,126482,126482,126482,126482,0,126482,126482,126482,126482
83,Illinois,2018,126456,126456,126456,126456,126456,0,126456,126456,126456,126456
84,Indiana,2011,65909,0,0,0,0,0,0,0,0,0
85,Indiana,2012,66370,0,0,0,0,0,0,0,0,0
86,Indiana,2013,66363,66363,66363,0,0,66363,66363,66363,66363,66363
87,Indiana,2015,66045,66045,66045,0,0,66045,66045,66045,66045,66045
88,Indiana,2017,67004,67004,67004,67004,67004,0,67004,67004,67004,67004
89,Indiana,2018,67680,67680,67680,67680,67680,0,67680,67680,67680,67680
90,Iowa,2011,31465,0,0,0,0,0,0,0,0,0
91,Iowa,2012,31458,0,0,0,0,0,0,0,0,0
92,Iowa,2013,31817,31817,31817,0,0,31817,31817,31817,31817,31817
93,Iowa,2015,31900,31900,31900,0,0,31900,31900,31900,31900,31900
94,Iowa,2017,32456,32456,32456,32456,32456,0,32456,32456,32456,32456
95,Iowa,2018,32362,32362,32362,32362,32362,0,32362,32362,32362,32362
96,Kansas,2011,28984,0,0,0,0,0,0,0,0,0
97,Kansas,2012,29139,0,0,0,0,0,0,0,0,0
98,Kansas,2013,29369,29369,29369,0,0,29369,29369,29369,29369,29369
99,Kansas,2015,28774,28774,28774,0,0,28774,28774,28774,28774,28774
100,Kansas,2017,29374,29374,29374,29374,29374,0,29374,29374,29374,29374
101,Kansas,2018,29567,29567,29567,29567,29567,0,29567,29567,29567,29567
102,Kentucky,2011,44306,0,0,0,0,0,0,0,0,0
103,Kentucky,2012,44664,0,0,0,0,0,0,0,0,0
104,Kentucky,2013,44997,44997,44997,0,0,44997,44997,44997,44997,44997
105,Kentucky,2015,44749,44749,44749,0,0,44749,44749,44749,44749,44749
106,Kentucky,2017,45209,45209,45209,45209,45209,0,45209,45209,45209,45209
107,Kentucky,2018,45475,45475,45475,45475,45475,0,45475,45475,45475,45475
108,Louisiana,2011,44404,0,0,0,0,0,0,0,0,0
109,Louisiana,2012,44608,0,0,0,0,0,0,0,0,0
110,Louisiana,2013,44627,44627,44627,0,0,44627,44627,44627,44627,44627
111,Louisiana,2015,43892,43892,43892,0,0,43892,43892,43892,43892,43892
112,Louisiana,2017,44024,44024,44024,44024,44024,0,44024,44024,44024,44024
113,Louisiana,2018,43589,43589,43589,43589,43589,0,43589,43589,43589,43589
114,Maine,2011,13565,0,0,0,0,0,0,0,0,0
115,Maine,2012,13172,0,0,0,0,0,0,0,0,0
116,Maine,2013,12982,12982,12982,0,0,12982,12982,12982,12982,12982
117,Maine,2015,13059,13059,13059,0,0,13059,13059,13059,13059,13059
118,Maine,2017,12583,12583,12583,12583,12583,0,12583,12583,12583,12583
119,Maine,2018,13275,13275,13275,13275,13275,0,13275,13275,13275,13275
120,Maryland,2011,58335,0,0,0,0,0,0,0,0,0
121,Maryland,2012,58417,0,0,0,0,0,0,0,0,0
122,Maryland,2013,59033,59033,59033,0,0,59033,59033,59033,59033,59033
123,Maryland,2015,59332,59332,59332,0,0,59332,59332,59332,59332,59332
124,Maryland,2017,59463,59463,59463,59463,59463,0,59463,59463,59463,59463
125,Maryland,2018,59840,59840,59840,59840,59840,0,59840,59840,59840,59840
126,Massachusetts,2011,69009,0,0,0,0,0,0,0,0,0
127,Massachusetts,2012,68435,0,0,0,0,0,0,0,0,0
128,Massachusetts,2013,68725,68725,68725,0,0,68725,68725,68725,68725,68725
129,Massachusetts,2015,68785,68785,68785,0,0,68785,68785,68785,68785,68785
130,Massachusetts,2017,69635,69635,69635,69635,69635,0,69635,69635,69635,69635
131,Massachusetts,2018,70131,70131,70131,70131,70131,0,70131,70131,70131,70131
132,Michigan,2011,99285,0,0,0,0,0,0,0,0,0
133,Michigan,2012,98587,0,0,0,0,0,0,0,0,0
134,Michigan,2013,99441,99441,99441,0,0,99441,99441,99441,99441,99441
135,Michigan,2015,98008,98008,98008,0,0,98008,98008,98008,98008,98008
136,Michigan,2017,99459,99459,99459,99459,99459,0,99459,99459,99459,99459
137,Michigan,2018,99419,99419,99419,99419,99419,0,99419,99419,99419,99419
138,Minnesota,2011,54817,0,0,0,0,0,0,0,0,0
139,Minnesota,2012,54354,0,0,0,0,0,0,0,0,0
140,Minnesota,2013,54988,54988,54988,0,0,54988,54988,54988,54988,54988
141,Minnesota,2015,54811,54811,54811,0,0,54811,54811,54811,54811,54811
142,Minnesota,2017,55161,55161,55161,55161,55161,0,55161,55161,55161,55161
143,Minnesota,2018,55783,55783,55783,55783,55783,0,55783,55783,55783,55783
144,Mississippi,2011,29454,0,0,0,0,0,0,0,0,0
145,Mississippi,2012,29486,0,0,0,0,0,0,0,0,0
146,Mississippi,2013,29648,29648,29648,0,0,29648,29648,29648,29648,29648
147,Mississippi,2015,29600,29600,29600,0,0,29600,29600,29600,29600,29600
148,Mississippi,2017,29096,29096,29096,29096,29096,0,29096,29096,29096,29096
149,Mississippi,2018,29124,29124,29124,29124,29124,0,29124,29124,29124,29124
150,Missouri,2011,62110,0,0,0,0,0,0,0,0,0
151,Missouri,2012,61639,0,0,0,0,0,0,0,0,0
152,Missouri,2013,61699,61699,61699,0,0,61699,61699,61699,61699,61699
153,Missouri,2015,61586,61586,61586,0,0,61586,61586,61586,61586,61586
154,Missouri,2017,62073,62073,62073,62073,62073,0,62073,62073,62073,62073
155,Missouri,2018,62416,62416,62416,62416,62416,0,62416,62416,62416,62416
156,Montana,2011,9965,0,0,0,0,0,0,0,0,0
157,Montana,2012,10154,0,0,0,0,0,0,0,0,0
158,Montana,2013,10113,10113,10113,0,0,10113,10113,10113,10113,10113
159,Montana,2015,9841,9841,9841,0,0,9841,9841,9841,9841,9841
160,Montana,2017,10221,10221,10221,10221,10221,0,10221,10221,10221,10221
161,Montana,2018,10336,10336,10336,10336,10336,0,10336,10336,10336,10336
162,Nebraska,2011,18713,0,0,0,0,0,0,0,0,0
163,Nebraska,2012,18883,0,0,0,0,0,0,0,0,0
164,Nebraska,2013,18835,18835,18835,0,0,18835,18835,18835,18835,18835
165,Nebraska,2015,19089,19089,19089,0,0,19089,19089,19089,19089,19089
166,Nebraska,2017,19545,19545,19545,19545,19545,0,19545,19545,19545,19545
167,Nebraska,2018,19451,19451,19451,19451,19451,0,19451,19451,19451,19451
168,Nevada,2011,26113,0,0,0,0,0,0,0,0,0
169,Nevada,2012,26726,0,0,0,0,0,0,0,0,0
170,Nevada,2013,26748,26748,26748,0,0,26748,26748,26748,26748,26748
171,Nevada,2015,26988,26988,26988,0,0,26988,26988,26988,26988,26988
172,Nevada,2017,28413,28413,28413,28413,28413,0,28413,28413,28413,28413
173,Nevada,2018,28927,28927,28927,28927,28927,0,28927,28927,28927,28927
174,New Hampshire,2011,13584,0,0,0,0,0,0,0,0,0
175,New Hampshire,2012,13469,0,0,0,0,0,0,0,0,0
176,New Hampshire,2013,13547,13547,13547,0,0,13547,13547,13547,13547,13547
177,New Hampshire,2015,13378,13378,13378,0,0,13378,13378,13378,13378,13378
178,New Hampshire,2017,13708,13708,13708,13708,13708,0,13708,13708,13708,13708
179,New Hampshire,2018,13780,13780,13780,13780,13780,0,13780,13780,13780,13780
180,New Jersey,2011,88367,0,0,0,0,0,0,0,0,0
181,New Jersey,2012,88003,0,0,0,0,0,0,0,0,0
182,New Jersey,2013,88510,88510,88510,0,0,88510,88510,88510,88510,88510
183,New Jersey,2015,87815,87815,87815,0,0,87815,87815,87815,87815,87815
184,New Jersey,2017,88114,88114,88114,88114,88114,0,88114,88114,88114,88114
185,New Jersey,2018,88586,88586,88586,88586,88586,0,88586,88586,88586,88586
186,New Mexico,2011,19777,0,0,0,0,0,0,0,0,0
187,New Mexico,2012,19771,0,0,0,0,0,0,0,0,0
188,New Mexico,2013,19714,19714,19714,0,0,19714,19714,19714,19714,19714
189,New Mexico,2015,19072,19072,19072,0,0,19072,19072,19072,19072,19072
190,New Mexico,2017,19021,19021,19021,19021,19021,0,19021,19021,19021,19021
191,New Mexico,2018,19247,19247,19247,19247,19247,0,19247,19247,19247,19247
192,New York,2011,197174,0,0,0,0,0,0,0,0,0
193,New York,2012,196314,0,0,0,0,0,0,0,0,0
194,New York,2013,196165,196165,196165,0,0,196165,196165,196165,196165,196165
195,New York,2015,195742,195742,195742,0,0,195742,195742,195742,195742,195742
196,New York,2017,196585,196585,196585,196585,196585,0,196585,196585,196585,196585
197,New York,2018,196967,196967,196967,196967,196967,0,196967,196967,196967,196967
198,North Carolina,2011,96160,0,0,0,0,0,0,0,0,0
199,North Carolina,2012,97420,0,0,0,0,0,0,0,0,0
200,North Carolina,2013,97310,97310,97310,0,0,97310,97310,97310,97310,97310
201,North Carolina,2015,98184,98184,98184,0,0,98184,98184,98184,98184,98184
202,North Carolina,2017,101233,101233,101233,101233,101233,0,101233,101233,101233,101233
203,North Carolina,2018,102523,102523,102523,102523,102523,0,102523,102523,102523,102523
204,North Dakota,2011,6987,0,0,0,0,0,0,0,0,0
205,North Dakota,2012,7122,0,0,0,0,0,0,0,0,0
206,North Dakota,2013,7435,7435,7435,0,0,7435,7435,7435,7435,7435
207,North Dakota,2015,7869,7869,7869,0,0,7869,7869,7869,7869,7869
208,North Dakota,2017,7892,7892,7892,7892,7892,0,7892,7892,7892,7892
209,North Dakota,2018,7876,7876,7876,7876,7876,0,7876,7876,7876,7876
210,Ohio,2011,118423,0,0,0,0,0,0,0,0,0
211,Ohio,2012,117251,0,0,0,0,0,0,0,0,0
212,Ohio,2013,118223,118223,118223,0,0,118223,118223,118223,118223,118223
213,Ohio,2015,118123,118123,118123,0,0,118123,118123,118123,118123,118123
214,Ohio,2017,118842,118842,118842,118842,118842,0,118842,118842,118842,118842
215,Ohio,2018,119086,119086,119086,119086,119086,0,119086,119086,119086,119086
216,Oklahoma,2011,37650,0,0,0,0,0,0,0,0,0
217,Oklahoma,2012,37096,0,0,0,0,0,0,0,0,0
218,Oklahoma,2013,37146,37146,37146,0,0,37146,37146,37146,37146,37146
219,Oklahoma,2015,37251,37251,37251,0,0,37251,37251,37251,37251,37251
220,Oklahoma,2017,37105,37105,37105,37105,37105,0,37105,37105,37105,37105
221,Oklahoma,2018,37648,37648,37648,37648,37648,0,37648,37648,37648,37648
222,Oregon,2011,39050,0,0,0,0,0,0,0,0,0
223,Oregon,2012,38767,0,0,0,0,0,0,0,0,0
224,Oregon,2013,39342,39342,39342,0,0,39342,39342,39342,39342,39342
225,Oregon,2015,39992,39992,39992,0,0,39992,39992,39992,39992,39992
226,Oregon,2017,41219,41219,41219,41219,41219,0,41219,41219,41219,41219
227,Oregon,2018,42117,42117,42117,42117,42117,0,42117,42117,42117,42117
228,Pennsylvania,2011,129529,0,0,0,0,0,0,0,0,0
229,Pennsylvania,2012,128605,0,0,0,0,0,0,0,0,0
230,Pennsylvania,2013,128382,128382,128382,0,0,128382,128382,128382,128382,128382
231,Pennsylvania,2015,128145,128145,128145,0,0,128145,128145,128145,128145,128145
232,Pennsylvania,2017,127433,127433,127433,127433,127433,0,127433,127433,127433,127433
233,Pennsylvania,2018,129066,129066,129066,129066,129066,0,129066,129066,129066,129066
234,Rhode Island,2011,10805,0,0,0,0,0,0,0,0,0
235,Rhode Island,2012,10755,0,0,0,0,0,0,0,0,0
236,Rhode Island,2013,10618,10618,10618,0,0,10618,10618,10618,10618,10618
237,Rhode Island,2015,10563,10563,10563,0,0,10563,10563,10563,10563,10563
238,Rhode Island,2017,10516,10516,10516,10516,10516,0,10516,10516,10516,10516
239,Rhode Island,2018,10489,10489,10489,10489,10489,0,10489,10489,10489,10489
240,South Carolina,2011,47367,0,0,0,0,0,0,0,0,0
241,South Carolina,2012,47344,0,0,0,0,0,0,0,0,0
242,South Carolina,2013,47205,47205,47205,0,0,47205,47205,47205,47205,47205
243,South Carolina,2015,48023,48023,48023,0,0,48023,48023,48023,48023,48023
244,South Carolina,2017,49438,49438,49438,49438,49438,0,49438,49438,49438,49438
245,South Carolina,2018,49818,49818,49818,49818,49818,0,49818,49818,49818,49818
246,South Dakota,2011,8416,0,0,0,0,0,0,0,0,0
247,South Dakota,2012,8380,0,0,0,0,0,0,0,0,0
248,South Dakota,2013,8740,8740,8740,0,0,8740,8740,8740,8740,8740
249,South Dakota,2015,8742,8742,8742,0,0,8742,8742,8742,8742,8742
250,South Dakota,2017,8881,8881,8881,8881,8881,0,8881,8881,8881,8881
251,South Dakota,2018,8986,8986,8986,8986,8986,0,8986,8986,8986,8986
252,Tennessee,2011,63592,0,0,0,0,0,0,0,0,0
253,Tennessee,2012,64276,0,0,0,0,0,0,0,0,0
254,Tennessee,2013,65148,65148,65148,0,0,65148,65148,65148,65148,65148
255,Tennessee,2015,65549,65549,65549,0,0,65549,65549,65549,65549,65549
256,Tennessee,2017,66575,66575,66575,66575,66575,0,66575,66575,66575,66575
257,Tennessee,2018,67950,67950,67950,67950,67950,0,67950,67950,67950,67950
258,Texas,2011,245536,0,0,0,0,0,0,0,0,0
259,Texas,2012,249155,0,0,0,0,0,0,0,0,0
260,Texas,2013,253599,253599,253599,0,0,253599,253599,253599,253599,253599
261,Texas,2015,259224,259224,259224,0,0,259224,259224,259224,259224,259224
262,Texas,2017,265842,265842,265842,265842,265842,0,265842,265842,265842,265842
263,Texas,2018,268100,268100,268100,268100,268100,0,268100,268100,268100,268100
264,Utah,2011,27751,0,0,0,0,0,0,0,0,0
265,Utah,2012,28199,0,0,0,0,0,0,0,0,0
266,Utah,2013,28967,28967,28967,0,0,28967,28967,28967,28967,28967
267,Utah,2015,29290,29290,29290,0,0,29290,29290,29290,29290,29290
268,Utah,2017,30904,30904,30904,30904,30904,0,30904,30904,30904,30904
269,Utah,2018,31603,31603,31603,31603,31603,0,31603,31603,31603,31603
270,Vermont,2011,6608,0,0,0,0,0,0,0,0,0
271,Vermont,2012,6553,0,0,0,0,0,0,0,0,0
272,Vermont,2013,6388,6388,6388,0,0,6388,6388,6388,6388,6388
273,Vermont,2015,6326,6326,6326,0,0,6326,6326,6326,6326,6326
274,Vermont,2017,6340,6340,6340,6340,6340,0,6340,6340,6340,6340
275,Vermont,2018,6436,6436,6436,6436,6436,0,6436,6436,6436,6436
276,Virginia,2011,81365,0,0,0,0,0,0,0,0,0
277,Virginia,2012,82824,0,0,0,0,0,0,0,0,0
278,Virginia,2013,83044,83044,83044,0,0,83044,83044,83044,83044,83044
279,Virginia,2015,83472,83472,83472,0,0,83472,83472,83472,83472,83472
280,Virginia,2017,84422,84422,84422,84422,84422,0,84422,84422,84422,84422
281,Virginia,2018,84755,84755,84755,84755,84755,0,84755,84755,84755,84755
282,Washington,2011,69762,0,0,0,0,0,0,0,0,0
283,Washington,2012,69301,0,0,0,0,0,0,0,0,0
284,Washington,2013,69593,69593,69593,0,0,69593,69593,69593,69593,69593
285,Washington,2015,71804,71804,71804,0,0,71804,71804,71804,71804,71804
286,Washington,2017,74695,74695,74695,74695,74695,0,74695,74695,74695,74695
287,Washington,2018,76225,76225,76225,76225,76225,0,76225,76225,76225,76225
288,West Virginia,2011,18365,0,0,0,0,0,0,0,0,0
289,West Virginia,2012,18290,0,0,0,0,0,0,0,0,0
290,West Virginia,2013,18268,18268,18268,0,0,18268,18268,18268,18268,18268
291,West Virginia,2015,18051,18051,18051,0,0,18051,18051,18051,18051,18051
292,West Virginia,2017,17758,17758,17758,17758,17758,0,17758,17758,17758,17758
293,West Virginia,2018,18066,18066,18066,18066,18066,0,18066,18066,18066,18066
294,Wisconsin,2011,59441,0,0,0,0,0,0,0,0,0
295,Wisconsin,2012,58484,0,0,0,0,0,0,0,0,0
296,Wisconsin,2013,58556,58556,58556,0,0,58556,58556,58556,58556,58556
297,Wisconsin,2015,58578,58578,58578,0,0,58578,58578,58578,58578,58578
298,Wisconsin,2017,59059,59059,59059,59059,59059,0,59059,59059,59059,59059
299,Wisconsin,2018,59833,59833,59833,59833,59833,0,59833,59833,59833,59833
300,Wyoming,2011,5798,0,0,0,0,0,0,0,0,0
301,Wyoming,2012,5824,0,0,0,0,0,0,0,0,0
302,Wyoming,2013,5828,5828,5828,0,0,5828,5828,5828,5828,5828
303,Wyoming,2015,5819,5819,5819,0,0,5819,5819,5819,5819,5819
304,Wyoming,2017,5912,5912,5912,5912,5912,0,5912,5912,5912,5912
305,Wyoming,2018,5740,5740,5740,5740,5740,0,5740,5740,5740,5740
