,STATE,UNDERBANKED,UNDERBANKED_REASON,STATE_SURVEY_POP
0,Alabama,4783,1010,9405
1,Alaska,4398,1377,8083
2,Arizona,4909,1284,8785
3,Arkansas,4694,1031,8929
4,California,28842,8344,56168
5,Colorado,5991,2179,12088
6,Connecticut,6181,2350,11811
7,Delaware,4902,1625,8890
8,District of Columbia,5086,1305,8851
9,Florida,13291,3703,26018
10,Georgia,7144,2004,14035
11,Hawaii,5490,1658,10085
12,Idaho,5107,1320,8565
13,Illinois,10811,3071,19681
14,Indiana,5482,1520,10337
15,Iowa,5885,2043,10546
16,Kansas,5216,1661,9098
17,Kentucky,5322,1523,9354
18,Louisiana,4961,953,9612
19,Maine,5563,2019,9548
20,Maryland,7065,2454,13111
21,Massachusetts,6215,1696,10969
22,Michigan,8247,2411,15279
23,Minnesota,7431,2626,13168
24,Mississippi,4739,944,8420
25,Missouri,5636,1649,10466
26,Montana,5376,1013,8858
27,Nebraska,5019,1654,9387
28,Nevada,5051,1572,9137
29,New Hampshire,6650,2360,11679
30,New Jersey,7117,1964,13541
31,New Mexico,4494,760,8075
32,New York,13718,4101,27213
33,North Carolina,7446,2153,13757
34,North Dakota,4894,1267,8732
35,Ohio,9924,2794,17667
36,Oklahoma,4669,1241,8746
37,Oregon,5506,1509,9741
38,Pennsylvania,10273,3010,19318
39,Rhode Island,4712,1733,8907
40,South Carolina,4931,1454,9003
41,South Dakota,5316,1868,9119
42,Tennessee,5600,1331,10198
43,Texas,19419,5299,36518
44,Utah,5165,1443,9326
45,Vermont,5429,1667,9109
46,Virginia,7407,2225,13270
47,Washington,7021,1980,11663
48,West Virginia,5329,1149,10129
49,Wisconsin,7123,2221,11673
50,Wyoming,5070,1398,8836
