STATE,YEAR,Unnamed: 0,CHECKING_ACCOUNT,AUTO_TITLE_LOAN,PAYDAY_LOAN,PAWN_SHOP,RENT_TO_OWN
Alabama,2012,500,500,500,500,500,500
Alabama,2015,1560,1560,1560,1560,1560,1560
Alabama,2018,501,501,501,501,501,501
Alaska,2012,501,501,501,501,501,501
Alaska,2015,1426,1426,1426,1426,1426,1426
Alaska,2018,500,500,500,500,500,500
Arizona,2012,500,500,500,500,500,500
Arizona,2015,1576,1576,1576,1576,1576,1576
Arizona,2018,503,503,503,503,503,503
Arkansas,2012,500,500,500,500,500,500
Arkansas,2015,1594,1594,1594,1594,1594,1594
Arkansas,2018,501,501,501,501,501,501
California,2012,500,500,500,500,500,500
California,2015,2067,2067,2067,2067,2067,2067
California,2018,500,500,500,500,500,500
Colorado,2012,501,501,501,501,501,501
Colorado,2015,1576,1576,1576,1576,1576,1576
Colorado,2018,500,500,500,500,500,500
Connecticut,2012,500,500,500,500,500,500
Connecticut,2015,1570,1570,1570,1570,1570,1570
Connecticut,2018,501,501,501,501,501,501
Delaware,2012,500,500,500,500,500,500
Delaware,2015,1574,1574,1574,1574,1574,1574
Delaware,2018,502,502,502,502,502,502
District of Columbia,2012,500,500,500,500,500,500
District of Columbia,2015,1428,1428,1428,1428,1428,1428
District of Columbia,2018,500,500,500,500,500,500
Florida,2012,500,500,500,500,500,500
Florida,2015,1575,1575,1575,1575,1575,1575
Florida,2018,500,500,500,500,500,500
Georgia,2012,500,500,500,500,500,500
Georgia,2015,1577,1577,1577,1577,1577,1577
Georgia,2018,501,501,501,501,501,501
Hawaii,2012,500,500,500,500,500,500
Hawaii,2015,1403,1403,1403,1403,1403,1403
Hawaii,2018,500,500,500,500,500,500
Idaho,2012,500,500,500,500,500,500
Idaho,2015,1576,1576,1576,1576,1576,1576
Idaho,2018,500,500,500,500,500,500
Illinois,2012,500,500,500,500,500,500
Illinois,2015,2073,2073,2073,2073,2073,2073
Illinois,2018,511,511,511,511,511,511
Indiana,2012,500,500,500,500,500,500
Indiana,2015,1571,1571,1571,1571,1571,1571
Indiana,2018,502,502,502,502,502,502
Iowa,2012,501,501,501,501,501,501
Iowa,2015,1560,1560,1560,1560,1560,1560
Iowa,2018,502,502,502,502,502,502
Kansas,2012,500,500,500,500,500,500
Kansas,2015,1583,1583,1583,1583,1583,1583
Kansas,2018,500,500,500,500,500,500
Kentucky,2012,500,500,500,500,500,500
Kentucky,2015,1557,1557,1557,1557,1557,1557
Kentucky,2018,504,504,504,504,504,504
Louisiana,2012,500,500,500,500,500,500
Louisiana,2015,1597,1597,1597,1597,1597,1597
Louisiana,2018,502,502,502,502,502,502
Maine,2012,500,500,500,500,500,500
Maine,2015,1576,1576,1576,1576,1576,1576
Maine,2018,505,505,505,505,505,505
Maryland,2012,500,500,500,500,500,500
Maryland,2015,1561,1561,1561,1561,1561,1561
Maryland,2018,504,504,504,504,504,504
Massachusetts,2012,501,501,501,501,501,501
Massachusetts,2015,1573,1573,1573,1573,1573,1573
Massachusetts,2018,500,500,500,500,500,500
Michigan,2012,500,500,500,500,500,500
Michigan,2015,1573,1573,1573,1573,1573,1573
Michigan,2018,506,506,506,506,506,506
Minnesota,2012,501,501,501,501,501,501
Minnesota,2015,1566,1566,1566,1566,1566,1566
Minnesota,2018,501,501,501,501,501,501
Mississippi,2012,500,500,500,500,500,500
Mississippi,2015,1561,1561,1561,1561,1561,1561
Mississippi,2018,500,500,500,500,500,500
Missouri,2012,500,500,500,500,500,500
Missouri,2015,1564,1564,1564,1564,1564,1564
Missouri,2018,501,501,501,501,501,501
Montana,2012,500,500,500,500,500,500
Montana,2015,1466,1466,1466,1466,1466,1466
Montana,2018,501,501,501,501,501,501
Nebraska,2012,500,500,500,500,500,500
Nebraska,2015,1554,1554,1554,1554,1554,1554
Nebraska,2018,502,502,502,502,502,502
Nevada,2012,500,500,500,500,500,500
Nevada,2015,1595,1595,1595,1595,1595,1595
Nevada,2018,501,501,501,501,501,501
New Hampshire,2012,500,500,500,500,500,500
New Hampshire,2015,1587,1587,1587,1587,1587,1587
New Hampshire,2018,501,501,501,501,501,501
New Jersey,2012,500,500,500,500,500,500
New Jersey,2015,1597,1597,1597,1597,1597,1597
New Jersey,2018,503,503,503,503,503,503
New Mexico,2012,501,501,501,501,501,501
New Mexico,2015,1587,1587,1587,1587,1587,1587
New Mexico,2018,500,500,500,500,500,500
New York,2012,500,500,500,500,500,500
New York,2015,2072,2072,2072,2072,2072,2072
New York,2018,500,500,500,500,500,500
North Carolina,2012,500,500,500,500,500,500
North Carolina,2015,1580,1580,1580,1580,1580,1580
North Carolina,2018,500,500,500,500,500,500
North Dakota,2012,500,500,500,500,500,500
North Dakota,2015,1433,1433,1433,1433,1433,1433
North Dakota,2018,500,500,500,500,500,500
Ohio,2012,501,501,501,501,501,501
Ohio,2015,1556,1556,1556,1556,1556,1556
Ohio,2018,500,500,500,500,500,500
Oklahoma,2012,500,500,500,500,500,500
Oklahoma,2015,1580,1580,1580,1580,1580,1580
Oklahoma,2018,500,500,500,500,500,500
Oregon,2012,500,500,500,500,500,500
Oregon,2015,1572,1572,1572,1572,1572,1572
Oregon,2018,1250,1250,1250,1250,1250,1250
Pennsylvania,2012,500,500,500,500,500,500
Pennsylvania,2015,1577,1577,1577,1577,1577,1577
Pennsylvania,2018,508,508,508,508,508,508
Rhode Island,2012,500,500,500,500,500,500
Rhode Island,2015,1594,1594,1594,1594,1594,1594
Rhode Island,2018,501,501,501,501,501,501
South Carolina,2012,501,501,501,501,501,501
South Carolina,2015,1598,1598,1598,1598,1598,1598
South Carolina,2018,503,503,503,503,503,503
South Dakota,2012,500,500,500,500,500,500
South Dakota,2015,1453,1453,1453,1453,1453,1453
South Dakota,2018,501,501,501,501,501,501
Tennessee,2012,500,500,500,500,500,500
Tennessee,2015,1560,1560,1560,1560,1560,1560
Tennessee,2018,504,504,504,504,504,504
Texas,2012,500,500,500,500,500,500
Texas,2015,2054,2054,2054,2054,2054,2054
Texas,2018,500,500,500,500,500,500
Utah,2012,500,500,500,500,500,500
Utah,2015,1615,1615,1615,1615,1615,1615
Utah,2018,502,502,502,502,502,502
Vermont,2012,500,500,500,500,500,500
Vermont,2015,1468,1468,1468,1468,1468,1468
Vermont,2018,500,500,500,500,500,500
Virginia,2012,500,500,500,500,500,500
Virginia,2015,1565,1565,1565,1565,1565,1565
Virginia,2018,510,510,510,510,510,510
Washington,2012,500,500,500,500,500,500
Washington,2015,1577,1577,1577,1577,1577,1577
Washington,2018,1250,1250,1250,1250,1250,1250
West Virginia,2012,500,500,500,500,500,500
West Virginia,2015,1577,1577,1577,1577,1577,1577
West Virginia,2018,500,500,500,500,500,500
Wisconsin,2012,501,501,501,501,501,501
Wisconsin,2015,1554,1554,1554,1554,1554,1554
Wisconsin,2018,506,506,506,506,506,506
Wyoming,2012,500,500,500,500,500,500
Wyoming,2015,1431,1431,1431,1431,1431,1431
Wyoming,2018,501,501,501,501,501,501
